City_ID,City,Lat,Lng,Max Temp,Humidity,Cloudiness,Wind Speed,Country,Date
0,yellowknife,62.456,-114.3525,-8.88,77,100,8.05,CA,1670215568
1,carnarvon,-24.8667,113.6333,76.35,62,2,15.21,AU,1670215785
2,provideniya,64.3833,-173.3,26.2,93,100,21.03,RU,1670215786
3,mar del plata,-38.0023,-57.5575,64.09,93,1,3.0,AR,1670215786
4,kapaa,22.0752,-159.319,79.12,81,0,8.05,US,1670215588
5,victoria,22.2855,114.1577,69.24,72,97,13.0,HK,1670215687
6,port elizabeth,-33.918,25.5701,59.09,97,20,13.8,ZA,1670215628
7,tabou,4.423,-7.3528,78.1,86,39,6.35,CI,1670215787
8,shimoda,34.6667,138.95,52.16,80,93,12.39,JP,1670215787
9,ancud,-41.8697,-73.8203,55.2,92,100,12.21,CL,1670215788
10,houston,29.7633,-95.3633,67.33,87,100,9.22,US,1670215747
11,hobart,-42.8794,147.3294,56.26,79,75,21.85,AU,1670215685
12,nicoya,10.1483,-85.452,70.32,89,31,1.88,CR,1670215788
13,hithadhoo,-0.6,73.0833,81.1,76,88,7.29,MV,1670215789
14,tasiilaq,65.6145,-37.6368,26.76,76,86,5.06,GL,1670215789
15,hasaki,35.7333,140.8333,48.6,75,100,17.98,JP,1670215790
16,thompson,55.7435,-97.8558,-21.84,69,20,9.22,CA,1670215638
17,east london,-33.0153,27.9116,67.46,95,100,11.81,ZA,1670215743
18,mataura,-46.1927,168.8643,50.49,55,100,1.12,NZ,1670215791
19,blackwater,-23.5833,148.8833,88.97,25,3,12.35,AU,1670215791
20,sitka,57.0531,-135.33,31.89,80,0,0.0,US,1670215791
21,bambous virieux,-20.3428,57.7575,81.21,65,40,11.5,MU,1670215792
22,seoul,37.5683,126.9778,36.79,26,0,9.22,KR,1670215746
23,butaritari,3.0707,172.7902,80.98,80,83,12.57,KI,1670215793
24,te anau,-45.4167,167.7167,61.45,57,93,9.33,NZ,1670215794
25,andenes,69.3143,16.1194,36.93,93,75,16.11,NO,1670215794
26,iqaluit,63.7506,-68.5145,22.73,92,100,12.66,CA,1670215601
27,kavieng,-2.5744,150.7967,81.72,73,98,7.56,PG,1670215795
28,lata,40.1629,-8.3327,53.92,86,100,8.68,PT,1670215795
29,celestun,20.8667,-90.4,74.46,79,6,12.37,MX,1670215795
30,bluff,-46.6,168.3333,50.81,75,100,4.7,NZ,1670215796
31,north vanlaiphai,23.1333,93.0667,74.21,37,4,1.83,IN,1670215796
32,saint-pierre,-21.3393,55.4781,82.9,61,0,8.05,RE,1670215797
33,mount gambier,-37.8333,140.7667,60.87,49,54,13.31,AU,1670215797
34,buckingham,51.9997,-0.9878,40.44,92,100,4.0,GB,1670215658
35,ahipara,-35.1667,173.1667,65.73,65,8,3.85,NZ,1670215798
36,gat,31.61,34.7642,59.4,73,5,2.51,IL,1670215798
37,arcata,40.8665,-124.0828,49.19,94,100,9.22,US,1670215798
38,namatanai,-3.6667,152.4333,82.74,71,99,4.14,PG,1670215799
39,lircay,-12.9896,-74.7205,48.36,71,100,1.99,PE,1670215799
40,hudson bay,52.85,-102.3842,7.68,88,100,11.23,CA,1670215800
41,vadamadurai,10.4667,78.0833,78.71,72,98,8.55,IN,1670215800
42,grindavik,63.8424,-22.4338,36.07,93,20,8.05,IS,1670215800
43,aqtobe,50.2797,57.2072,10.49,85,100,11.18,KZ,1670215801
44,naron,43.5167,-8.1528,50.02,84,51,5.91,ES,1670215801
45,vila velha,-20.3297,-40.2925,71.94,93,100,4.61,BR,1670215802
46,pochutla,15.7432,-96.4661,73.81,63,2,3.67,MX,1670215802
47,kizilskoye,52.7255,58.8937,10.76,94,100,9.42,RU,1670215803
48,vaini,-21.2,-175.2,78.96,89,75,12.66,TO,1670215616
49,evensk,61.95,159.2333,8.89,86,100,13.42,RU,1670215804
50,chokurdakh,70.6333,147.9167,-38.76,100,99,4.85,RU,1670215804
51,jamestown,42.097,-79.2353,31.59,50,0,10.36,US,1670215527
52,albany,42.6001,-73.9662,31.3,78,13,3.65,US,1670215662
53,arraial do cabo,-22.9661,-42.0278,72.73,90,100,28.95,BR,1670215656
54,somerset east,-32.7217,25.588,54.59,94,100,4.9,ZA,1670215806
55,rikitea,-23.1203,-134.9692,75.34,82,67,10.13,PF,1670215606
56,upernavik,72.7868,-56.1549,28.44,68,99,9.48,GL,1670215615
57,coari,-4.085,-63.1414,72.61,98,99,2.59,BR,1670215807
58,bredasdorp,-34.5322,20.0403,60.64,63,12,3.58,ZA,1670215807
59,sojat,25.9167,73.6667,73.9,29,0,4.45,IN,1670215807
60,tiksi,71.6872,128.8694,-11.6,96,100,15.39,RU,1670215808
61,port macquarie,-31.4333,152.9167,80.89,63,0,13.56,AU,1670215808
62,shenjiamen,29.9576,122.298,53.51,71,100,19.93,CN,1670215809
63,yenagoa,4.9247,6.2642,75.67,95,12,3.69,NG,1670215809
64,tezu,27.9167,96.1667,79.75,22,0,3.47,IN,1670215810
65,lebu,-37.6167,-73.65,53.89,91,2,10.25,CL,1670215664
66,makakilo city,21.3469,-158.0858,75.0,86,100,4.61,US,1670215810
67,atuona,-9.8,-139.0333,77.7,79,11,20.62,PF,1670215811
68,masaka,-0.3338,31.7341,64.89,88,97,2.48,UG,1670215811
69,kalas,18.1667,74.8,79.59,53,92,10.83,IN,1670215812
70,puerto ayora,-0.7393,-90.3518,70.56,91,74,5.99,EC,1670215812
71,kieta,-6.2167,155.6333,83.17,73,98,4.05,PG,1670215813
72,saint-augustin,51.226,-58.6502,28.09,90,62,5.68,CA,1670215813
73,snasa,64.2457,12.3778,26.01,97,100,4.74,NO,1670215814
74,new norfolk,-42.7826,147.0587,55.92,73,100,3.0,AU,1670215597
75,mabaruma,8.2,-59.7833,68.85,99,90,1.86,GY,1670215814
76,punta arenas,-53.15,-70.9167,41.11,75,20,23.02,CL,1670215815
77,shingu,33.7333,135.9833,57.52,49,67,4.29,JP,1670215815
78,severo-kurilsk,50.6789,156.125,21.09,70,98,30.53,RU,1670215815
79,oranjemund,-28.55,16.4333,59.72,82,43,8.37,NA,1670215816
80,kirakira,-10.4544,161.9205,81.73,82,100,7.81,SB,1670215816
81,saint anthony,45.0205,-93.218,30.29,67,0,9.22,US,1670215817
82,cherskiy,68.75,161.3,-25.87,90,5,5.17,RU,1670215817
83,busselton,-33.65,115.3333,74.77,49,100,4.23,AU,1670215598
84,ushuaia,-54.8,-68.3,40.66,60,20,3.44,AR,1670215595
85,port blair,11.6667,92.75,84.24,79,75,11.5,IN,1670215818
86,anuppur,23.1,81.6833,71.73,36,65,4.72,IN,1670215818
87,faanui,-16.4833,-151.75,80.33,76,4,15.48,PF,1670215819
88,lucapa,-8.4192,20.7447,63.77,99,100,4.14,AO,1670215819
89,saint george,37.1041,-113.5841,51.8,62,0,1.01,US,1670215744
90,port alfred,-33.5906,26.891,61.18,95,100,4.0,ZA,1670215820
91,terrace bay,48.7834,-87.1,22.62,74,91,16.91,CA,1670215820
92,yerbogachen,61.2767,108.0108,10.33,93,100,12.66,RU,1670215821
93,poum,-20.2333,164.0167,81.37,81,99,18.03,NC,1670215821
94,padang,-0.9492,100.3543,84.25,72,100,5.1,ID,1670215821
95,qaanaaq,77.484,-69.3632,7.93,74,100,8.75,GL,1670215822
96,walvis bay,-22.9575,14.5053,56.35,88,0,6.91,NA,1670215822
97,vesyegonsk,58.664,37.2604,18.46,77,100,9.06,RU,1670215823
98,saint-philippe,-21.3585,55.7679,80.19,71,45,10.36,RE,1670215629
99,fort nelson,58.8053,-122.7002,15.39,61,100,3.44,CA,1670215823
100,namibe,-15.1961,12.1522,69.76,84,95,4.41,AO,1670215655
101,alice springs,-23.7,133.8833,99.95,8,0,5.75,AU,1670215824
102,demirci,39.0461,28.6589,39.25,92,11,4.9,TR,1670215824
103,lagoa,39.05,-27.9833,59.41,71,24,11.43,PT,1670215825
104,adrar,20.5022,-10.0711,68.11,26,0,4.32,MR,1670215825
105,yumen,40.2833,97.2,20.79,69,14,11.59,CN,1670215826
106,atar,20.5169,-13.0499,65.14,28,0,2.35,MR,1670215826
107,tupsan,9.1992,124.7769,77.81,91,100,10.09,PH,1670215827
108,hermanus,-34.4187,19.2345,60.22,69,14,4.03,ZA,1670215827
109,lavrentiya,65.5833,-171.0,33.91,98,100,32.23,RU,1670215671
110,tuktoyaktuk,69.4541,-133.0374,-16.6,76,0,19.57,CA,1670215828
111,cape town,-33.9258,18.4232,66.38,69,20,5.01,ZA,1670215710
112,cooma,-36.2333,149.1333,68.54,47,100,13.8,AU,1670215828
113,saskylakh,71.9167,114.0833,-11.7,95,100,14.5,RU,1670215829
114,sao domingos,-13.3983,-46.3183,66.22,94,80,4.92,BR,1670215829
115,asau,46.4333,26.4,27.52,98,100,3.4,RO,1670215830
116,molina,-35.1167,-71.2833,67.73,49,0,2.3,CL,1670215654
117,katiola,8.1333,-5.1,70.43,87,72,3.62,CI,1670215830
118,rauma,61.1272,21.5113,14.04,88,86,6.44,FI,1670215831
119,bonfim,3.0833,-59.95,71.44,96,100,2.59,BR,1670215831
120,ulladulla,-35.35,150.4667,79.05,53,58,4.81,AU,1670215832
121,norman wells,65.282,-126.8329,-14.76,84,75,6.91,CA,1670215619
122,avarua,-21.2078,-159.775,80.65,89,75,4.61,CK,1670215832
123,torbay,47.6666,-52.7314,37.27,89,100,34.52,CA,1670215833
124,azanka,58.0401,64.7893,-1.57,100,95,3.29,RU,1670215833
125,mecca,21.4267,39.8261,75.16,77,59,2.86,SA,1670215833
126,iwaki,37.05,140.8833,41.77,86,100,1.01,JP,1670215834
127,bengkulu,-3.8004,102.2655,82.69,67,95,4.43,ID,1670215834
128,taicheng,38.731,113.228,28.45,20,0,6.46,CN,1670215835
129,badin,24.656,68.8384,76.42,19,0,7.52,PK,1670215762
130,leshukonskoye,64.8989,45.7622,4.55,92,68,6.76,RU,1670215835
131,pacific grove,36.6177,-121.9166,51.66,90,0,7.0,US,1670215836
132,kerrville,30.0474,-99.1403,59.25,98,100,4.61,US,1670215836
133,clyde river,70.4692,-68.5914,5.23,85,100,25.32,CA,1670215837
134,viedma,-40.8135,-62.9967,63.52,46,91,18.95,AR,1670215837
135,buala,-8.145,159.5921,82.0,80,100,8.34,SB,1670215838
136,esperance,-33.8667,121.9,65.46,72,100,16.13,AU,1670215838
137,pevek,69.7008,170.3133,-8.28,86,100,2.04,RU,1670215670
138,ojinaga,29.5667,-104.4167,61.57,58,0,8.05,MX,1670215839
139,hilo,19.7297,-155.09,73.62,84,75,3.44,US,1670215839
140,sambava,-14.2667,50.1667,80.11,68,60,9.98,MG,1670215839
141,bucksport,44.5737,-68.7956,27.61,67,31,2.46,US,1670215840
142,lososina,48.9975,140.3106,10.44,55,6,17.18,RU,1670215840
143,havre-saint-pierre,50.2334,-63.5986,24.8,79,0,14.97,CA,1670215841
144,kaitangata,-46.2817,169.8464,51.94,76,100,8.43,NZ,1670215720
145,berdigestyakh,62.0989,126.6992,7.2,95,100,7.31,RU,1670215841
146,sao filipe,14.8961,-24.4956,71.71,65,95,3.06,CV,1670215842
147,olafsvik,64.8945,-23.7142,42.94,79,95,5.35,IS,1670215716
148,ugoofaaru,5.6667,73.0,79.95,76,94,5.26,MV,1670215842
149,olinda,-8.0089,-34.8553,78.53,73,75,9.22,BR,1670215839
150,birobidzhan,48.8,132.95,6.33,74,6,11.39,RU,1670215843
151,ilulissat,69.2167,-51.1,36.01,73,100,8.41,GL,1670215843
152,souillac,-20.5167,57.5167,80.98,65,40,11.5,MU,1670215653
153,puerto maldonado,-12.6,-69.1833,73.47,79,37,1.86,PE,1670215844
154,kalmunai,7.4167,81.8167,81.86,75,99,8.84,LK,1670215844
155,talnakh,69.4865,88.3972,27.21,98,100,1.97,RU,1670215800
156,aracataca,10.5918,-74.1898,71.71,91,65,3.22,CO,1670215845
157,college,64.8569,-147.8028,13.06,86,40,0.0,US,1670215813
158,ribeira grande,38.5167,-28.7,60.78,74,31,11.01,PT,1670215845
159,negombo,7.2083,79.8358,80.65,78,20,3.44,LK,1670215845
160,inongo,-1.95,18.2667,70.45,97,100,4.88,CD,1670215846
161,kawardha,22.0167,81.25,76.15,37,44,4.45,IN,1670215846
162,carstairs,51.5668,-114.102,21.11,88,100,8.99,CA,1670215847
163,aniche,50.33,3.2535,33.78,95,100,4.32,FR,1670215607
164,dauphin,51.1494,-100.0502,15.94,92,100,18.41,CA,1670215847
165,bahir dar,11.5936,37.3908,61.39,49,5,4.09,ET,1670215848
166,fairbanks,64.8378,-147.7164,13.08,86,0,0.0,US,1670215695
167,myitkyina,25.3833,97.4,80.08,34,2,2.21,MM,1670215848
168,dikson,73.5069,80.5464,30.24,97,100,19.08,RU,1670215692
169,luanda,-8.8368,13.2343,75.69,82,100,2.17,AO,1670215799
170,georgetown,5.4112,100.3354,88.9,74,20,3.44,MY,1670215836
171,half moon bay,37.4636,-122.4286,53.91,90,75,9.22,US,1670215849
172,kodiak,57.79,-152.4072,38.71,93,100,10.36,US,1670215850
173,nipawin,53.3668,-104.0009,6.84,66,0,18.41,CA,1670215850
174,shaowu,27.3409,117.4831,47.08,89,100,4.18,CN,1670215850
175,natal,-5.795,-35.2094,77.22,78,40,8.05,BR,1670215851
176,barrow,71.2906,-156.7887,19.42,86,0,25.32,US,1670215851
177,bereda,43.2686,-7.5406,38.57,100,7,0.96,ES,1670215852
178,barra do garcas,-15.89,-52.2567,70.95,97,98,3.04,BR,1670215852
179,bagdarin,54.4333,113.6,4.23,65,86,4.88,RU,1670215852
180,finnsnes,69.2296,17.9811,25.41,98,100,4.5,NO,1670215853
181,akyab,20.15,92.9,83.82,59,11,3.51,MM,1670215853
182,nang rong,14.6377,102.7914,83.93,61,48,14.09,TH,1670215853
183,cockburn town,21.4612,-71.1419,77.38,69,6,17.07,TC,1670215755
184,san patricio,28.017,-97.5169,67.87,91,100,5.19,US,1670215597
185,salalah,17.0151,54.0924,77.61,49,0,1.25,OM,1670215854
186,imeni poliny osipenko,52.4201,136.4853,-3.06,79,62,8.72,RU,1670215855
187,kamenka,51.3223,42.7678,13.75,69,2,4.9,RU,1670215855
188,mae chan,20.1467,99.8526,87.67,57,41,2.13,TH,1670215855
189,vestmannaeyjar,63.4427,-20.2734,40.01,63,70,3.2,IS,1670215856
190,kaka,37.3482,59.6143,30.6,45,21,4.09,TM,1670215856
191,xai-xai,-25.0519,33.6442,81.25,71,0,10.85,MZ,1670215856
192,hun,29.1268,15.9477,63.07,29,2,6.35,LY,1670215857
193,arawa,-6.2132,155.5367,84.07,73,99,3.91,PG,1670215857
194,la ronge,55.1001,-105.2842,-7.35,64,0,10.36,CA,1670215858
195,mysliborz,52.9238,14.8679,37.06,95,100,10.47,PL,1670215858
196,chifeng,42.2683,118.9636,22.68,24,0,17.05,CN,1670215740
197,mendi,-6.1761,143.6513,61.05,96,88,3.83,PG,1670215859
198,alamosa,37.4695,-105.87,30.18,93,0,5.75,US,1670215859
199,cap malheureux,-19.9842,57.6142,81.46,61,98,11.01,MU,1670215859
200,buraydah,26.326,43.975,59.45,73,83,9.73,SA,1670215860
201,marzuq,14.4,46.4667,66.63,31,23,1.52,YE,1670215860
202,bloomsburg,41.0037,-76.4549,30.94,78,1,3.33,US,1670215803
203,methana,37.5823,23.3914,56.55,74,99,5.37,GR,1670215861
204,meulaboh,4.1363,96.1285,78.82,88,99,5.28,ID,1670215712
205,denpasar,-8.65,115.2167,91.06,62,40,11.5,ID,1670215707
206,williston,48.147,-103.618,20.8,79,82,3.0,US,1670215736
207,cabo san lucas,22.8909,-109.9124,78.51,74,82,2.89,MX,1670215862
208,vila franca do campo,37.7167,-25.4333,56.19,73,48,1.88,PT,1670215862
209,saint-raymond,45.467,-73.6095,34.14,70,100,10.36,CA,1670215863
210,ampanihy,-24.7,44.75,81.66,56,36,3.42,MG,1670215863
211,pangnirtung,66.1451,-65.7125,32.09,85,100,20.87,CA,1670215849
212,anage,-14.6122,-41.1356,69.06,95,100,2.53,BR,1670215864
213,flinders,-34.5833,150.8552,85.17,64,49,5.01,AU,1670215864
214,the valley,18.217,-63.0578,77.83,67,0,13.6,AI,1670215859
215,seminole,28.7086,-81.2081,70.16,93,100,5.75,US,1670215865
216,kpandu,6.9954,0.2931,75.6,88,54,5.12,GH,1670215865
217,troitskoye,52.9821,84.6757,12.27,92,100,5.75,RU,1670215866
218,parkersburg,39.2667,-81.5615,31.28,72,0,1.99,US,1670215866
219,wewak,-3.5534,143.6268,83.37,81,100,11.95,PG,1670215867
220,kulhudhuffushi,6.6221,73.07,80.6,74,83,4.43,MV,1670215867
221,mossendjo,-2.9506,12.7261,68.31,98,100,1.72,CG,1670215867
222,quatre cocos,-20.2078,57.7625,81.09,65,99,14.14,MU,1670215702
223,nantucket,41.2835,-70.0995,38.14,68,0,0.0,US,1670215868
224,hammerfest,70.6634,23.6821,28.85,86,75,10.36,NO,1670215868
225,richards bay,-28.783,32.0377,73.96,93,100,10.31,ZA,1670215869
226,ixtapa,20.7,-105.2,76.23,87,32,2.01,MX,1670215869
227,nome,64.5011,-165.4064,35.17,96,100,37.04,US,1670215728
228,berlevag,70.8578,29.0864,21.2,73,46,12.66,NO,1670215870
229,lydenburg,-25.0978,30.4597,69.33,74,9,2.98,ZA,1670215870
230,sabzevar,36.2126,57.6819,34.88,87,75,11.5,IR,1670215871
231,nikel,69.4128,30.222,14.18,94,43,9.73,RU,1670215871
232,vilcun,-38.65,-72.2333,45.34,94,0,1.68,CL,1670215872
233,mackay,-21.15,149.2,84.69,63,0,10.83,AU,1670215872
234,suntar,62.1444,117.6319,-10.35,88,100,11.41,RU,1670215873
235,marawi,7.9986,124.2928,76.21,82,99,5.73,PH,1670215873
236,bat khela,34.6167,71.9714,62.06,23,35,1.01,PK,1670215873
237,vestmanna,62.1564,-7.1664,40.12,75,20,11.5,FO,1670215874
238,nikolskoye,59.7035,30.7861,24.8,95,98,6.73,RU,1670215611
239,canutama,-6.5339,-64.3831,72.12,98,71,2.48,BR,1670215874
240,manono,-7.3,27.4167,66.9,99,100,3.33,CD,1670215875
241,sao felix do xingu,-6.6447,-51.995,69.82,99,100,1.14,BR,1670215875
242,ponta do sol,32.6667,-17.1,62.71,74,85,18.79,PT,1670215876
243,gayny,60.3071,54.3241,1.72,98,69,1.34,RU,1670215876
244,altamont,42.2068,-121.7372,32.77,80,40,11.5,US,1670215876
245,sept-iles,50.2001,-66.3821,15.8,69,20,9.22,CA,1670215877
246,pisco,-13.7,-76.2167,64.45,82,0,3.44,PE,1670215877
247,svetlyy,54.675,20.1347,32.05,93,100,11.48,RU,1670215878
248,key west,24.5557,-81.7826,80.6,76,20,3.44,US,1670215878
249,hualmay,-11.0964,-77.6139,65.39,88,0,5.97,PE,1670215879
250,dalbandin,28.8947,64.4101,61.0,24,9,5.84,PK,1670215879
251,paamiut,61.994,-49.6678,31.98,68,83,19.82,GL,1670215879
252,castro,-24.7911,-50.0119,64.31,98,99,4.63,BR,1670215880
253,dingle,10.9995,122.6711,76.03,92,100,8.46,PH,1670215880
254,paita,-5.0892,-81.1144,65.25,86,55,6.44,PE,1670215881
255,balkanabat,39.5108,54.3671,30.69,48,0,3.42,TM,1670215881
256,juneau,58.3019,-134.4197,17.6,93,20,3.44,US,1670215724
257,dickson,36.077,-87.3878,34.95,92,100,0.0,US,1670215882
258,tual,-5.6667,132.75,83.44,69,70,6.26,ID,1670215882
259,cayenne,4.9333,-52.3333,73.44,100,100,3.44,GF,1670215883
260,genhe,50.7833,121.5167,-2.85,90,98,7.56,CN,1670215883
261,saint-sauveur-des-monts,45.9001,-74.1659,31.3,66,100,8.34,CA,1670215832
262,srandakan,-7.9386,110.2506,84.16,72,79,7.52,ID,1670215883
263,tahoua,14.8888,5.2692,73.49,21,22,13.62,NE,1670215884
264,lompoc,34.6391,-120.4579,56.79,95,75,0.0,US,1670215884
265,praia da vitoria,38.7333,-27.0667,55.76,93,20,8.48,PT,1670215885
266,bulgan,48.8125,103.5347,3.49,67,12,2.06,MN,1670215885
267,geraldton,-28.7667,114.6,75.61,57,0,16.11,AU,1670215885
268,harbour breton,47.4833,-55.7983,39.24,93,99,3.29,CA,1670215886
269,vostok,46.4856,135.8833,3.33,82,99,9.06,RU,1670215886
270,moerai,-22.4333,-151.3333,77.58,83,95,8.81,PF,1670215887
271,aklavik,68.2191,-135.0107,-10.64,92,45,13.31,CA,1670215887
272,faya,18.3851,42.4509,48.72,58,0,2.51,SA,1670215887
273,north platte,41.1239,-100.7654,38.37,44,0,5.99,US,1670215888
274,vardo,70.3705,31.1107,22.98,86,75,14.97,NO,1670215888
275,naze,28.3667,129.4833,67.12,87,99,10.65,JP,1670215889
276,puerto del rosario,28.5004,-13.8627,67.75,77,40,12.66,ES,1670215889
277,labuhan,-6.8844,112.2051,86.68,65,79,7.05,ID,1670215889
278,innisfail,-17.5333,146.0333,84.25,54,0,9.64,AU,1670215890
279,airai,-8.9266,125.4092,79.65,35,98,2.37,TL,1670215700
280,bukachacha,52.9833,116.9167,3.25,72,63,5.06,RU,1670215890
281,kovur,14.4833,79.9833,83.86,65,39,10.29,IN,1670215891
282,maceio,-9.6658,-35.7353,72.84,100,100,1.14,BR,1670215891
283,filadelfia,39.9523,-75.1638,36.95,64,0,0.0,US,1670215699
284,fortuna,40.5982,-124.1573,48.92,94,100,17.27,US,1670215724
285,chuy,-33.6971,-53.4616,61.45,94,0,1.86,UY,1670215643
286,chulym,55.0997,80.9572,-1.26,95,88,4.38,RU,1670215892
287,pavlivka,49.4414,28.4596,20.59,80,100,12.33,UA,1670215893
288,nivala,63.9167,24.9667,20.68,98,93,5.95,FI,1670215893
289,kiruna,67.8557,20.2251,18.52,86,100,6.91,SE,1670215662
290,sao joao da barra,-21.6403,-41.0511,73.74,83,100,18.25,BR,1670215894
291,podgorica,42.4411,19.2636,49.51,100,20,1.14,ME,1670215894
292,hamilton,39.1834,-84.5333,32.94,65,0,4.61,US,1670215824
293,sal rei,16.1833,-22.9167,70.81,65,98,6.93,CV,1670215895
294,san rafael,-34.6177,-68.3301,75.11,36,4,2.39,AR,1670215895
295,puerto baquerizo moreno,-0.9,-89.6,70.02,80,92,6.76,EC,1670215896
296,komsomolskiy,40.4272,71.7189,32.72,80,100,6.91,UZ,1670215896
297,abramovka,51.1886,41.0202,13.75,68,4,6.13,RU,1670215896
298,alofi,-19.0595,-169.9187,80.49,83,86,5.75,NU,1670215673
299,sur,22.5667,59.5289,77.9,44,0,2.08,OM,1670215897
300,wukari,7.85,9.7833,69.73,42,2,2.66,NG,1670215898
301,ostrovnoy,68.0531,39.5131,23.36,88,100,17.34,RU,1670215898
302,mahebourg,-20.4081,57.7,81.25,65,40,11.5,MU,1670215898
303,algeciras,36.1333,-5.4505,60.48,82,75,14.97,ES,1670215899
304,yorkton,51.2167,-102.4677,12.04,73,20,21.85,CA,1670215828
305,komatipoort,-25.4332,31.9548,75.06,76,98,5.82,ZA,1670215899
306,longyearbyen,78.2186,15.6401,28.24,80,100,31.07,SJ,1670215800
307,blagoyevo,63.3667,47.9167,1.4,95,13,4.52,RU,1670215900
308,yako,12.9667,-2.2667,75.31,28,80,7.45,BF,1670215900
309,roald,62.5833,6.1333,40.33,70,100,13.8,NO,1670215825
310,memari,23.2,88.1167,77.72,26,0,7.92,IN,1670215901
311,sangar,63.9242,127.4739,-20.38,92,100,10.02,RU,1670215901
312,bandarbeyla,9.4942,50.8122,78.46,67,65,20.2,SO,1670215902
313,xining,36.6167,101.7667,30.49,35,0,2.46,CN,1670215902
314,khatanga,71.9667,102.5,-4.59,100,100,4.16,RU,1670215902
315,langnau,46.9394,7.7874,36.95,99,100,2.33,CH,1670215903
316,tanabe,33.7333,135.3667,58.21,38,75,11.5,JP,1670215903
317,tiarei,-17.5333,-149.3333,82.42,79,24,15.05,PF,1670215769
318,ayan,56.45,138.1667,9.32,57,100,10.45,RU,1670215904
319,jurmala,56.968,23.7704,28.42,93,100,4.61,LV,1670215889
320,gigmoto,13.7796,124.39,81.12,83,100,8.55,PH,1670215904
321,bethel,41.3712,-73.414,31.77,78,0,0.0,US,1670215905
322,victor harbor,-35.5667,138.6167,66.69,62,84,3.0,AU,1670215905
323,egvekinot,66.3167,-179.1667,16.34,96,100,0.78,RU,1670215906
324,eirunepe,-6.6603,-69.8736,74.39,86,57,1.57,BR,1670215906
325,corn island,12.1694,-83.0418,80.82,73,3,17.13,NI,1670215906
326,kruisfontein,-34.0033,24.7314,56.88,79,83,12.15,ZA,1670215907
327,bubaque,11.2833,-15.8333,78.58,75,100,10.2,GW,1670215626
328,beringovskiy,63.05,179.3167,2.01,89,38,7.02,RU,1670215907
329,nyurba,63.2842,118.3319,-10.71,89,100,10.25,RU,1670215751
330,imuris,30.7833,-110.8667,61.03,82,100,2.19,MX,1670215908
331,guerrero negro,27.9769,-114.0611,63.03,87,90,10.51,MX,1670215908
332,cedar city,37.6775,-113.0619,43.39,70,0,11.5,US,1670215909
333,iwanai,42.9744,140.5089,25.99,79,100,17.11,JP,1670215909
334,shu,43.5983,73.7614,25.41,50,100,4.99,KZ,1670215909
335,vao,-22.6667,167.4833,78.08,88,89,17.92,NC,1670215910
336,talas,38.6908,35.5538,27.27,93,20,0.0,TR,1670215910
337,coahuayana,18.7333,-103.6833,75.63,84,1,2.62,MX,1670215911
338,birjand,32.8663,59.2211,37.87,52,40,9.22,IR,1670215911
339,udachnyy,66.4167,112.4,-6.56,76,100,17.22,RU,1670215912
340,pyaozerskiy,65.8333,31.1667,13.17,98,87,4.29,RU,1670215912
341,klaksvik,62.2266,-6.589,41.92,78,85,16.28,FO,1670215693
342,ossora,59.2353,163.0719,18.7,76,100,23.64,RU,1670215913
343,kilindoni,-7.9139,39.6668,80.71,73,59,5.95,TZ,1670215913
344,ambulu,-8.345,113.6058,84.6,74,79,6.87,ID,1670215914
345,marsh harbour,26.5412,-77.0636,73.24,66,19,6.44,BS,1670215674
346,balabac,7.9868,117.0645,83.66,72,100,6.58,PH,1670215794
347,qaqortoq,60.7167,-46.0333,28.4,69,100,9.78,GL,1670215914
348,lyantonde,-0.4031,31.1572,64.83,91,98,0.76,UG,1670215915
349,jimma,7.6667,36.8333,63.25,70,79,1.77,ET,1670215915
350,port lincoln,-34.7333,135.8667,65.07,55,79,15.5,AU,1670215631
351,moose factory,51.2585,-80.6094,8.58,85,100,8.05,CA,1670215916
352,bud,39.447,-86.1758,31.14,66,24,6.55,US,1670215916
353,bongor,10.2806,15.3722,68.11,20,0,6.15,TD,1670215916
354,kalaiya,27.0327,85.0022,73.62,51,8,4.94,NP,1670215917
355,baley,51.6,116.6333,4.28,82,51,10.94,RU,1670215917
356,mitsamiouli,-11.3847,43.2844,84.49,65,20,8.05,KM,1670215918
357,cao bang,22.6667,106.25,62.38,60,96,3.24,VN,1670215918
358,vallenar,-28.5708,-70.7581,67.78,58,0,3.91,CL,1670215625
359,andra,62.5147,65.8878,0.12,100,99,1.1,RU,1670215919
360,homa bay,-0.5273,34.4571,67.78,66,98,3.15,KE,1670215919
361,forest grove,45.5198,-123.1107,36.16,87,100,0.0,US,1670215919
362,pemangkat,1.1667,108.9667,81.7,77,100,4.79,ID,1670215920
363,nanortalik,60.1432,-45.2371,34.03,78,100,13.89,GL,1670215920
364,hambantota,6.1241,81.1185,82.74,89,40,2.3,LK,1670215921
365,keetmanshoop,-26.5833,18.1333,57.31,42,17,10.02,NA,1670215921
366,karpathos,35.507,27.2132,60.76,77,16,14.97,GR,1670215921
367,udankudi,8.4333,78.0167,82.58,75,86,15.75,IN,1670215922
368,montepuez,-13.1256,38.9997,73.4,75,70,5.03,MZ,1670215922
369,thinadhoo,0.5333,72.9333,81.12,74,82,5.28,MV,1670215923
370,tura,25.5198,90.2201,76.17,50,0,2.04,IN,1670215923
371,lamar,33.6668,-95.5836,52.36,88,100,5.75,US,1670215706
372,prince rupert,54.3161,-130.3201,35.29,84,0,6.91,CA,1670215924
373,pedernales,18.0384,-71.744,74.44,77,1,5.99,DO,1670215924
374,muroto,33.2833,134.15,57.79,60,96,6.53,JP,1670215925
375,touba,8.2833,-7.6833,69.66,90,33,2.26,CI,1670215925
376,praia,14.9215,-23.5087,66.74,77,20,6.91,CV,1670215685
377,port hardy,50.6996,-127.4199,24.98,93,20,4.61,CA,1670215926
378,chicama,-7.8447,-79.1469,63.14,82,4,3.24,PE,1670215926
379,sunrise manor,36.2111,-115.0731,63.01,56,0,13.8,US,1670215926
380,kangaatsiaq,68.3065,-53.4641,27.7,79,100,4.76,GL,1670215927
381,awjilah,29.1081,21.2869,56.7,58,7,4.72,LY,1670215927
382,takoradi,4.8845,-1.7554,78.55,85,23,4.63,GH,1670215928
383,samarai,-10.6167,150.6667,83.17,70,87,13.13,PG,1670215928
384,belmonte,-15.8631,-38.8828,73.53,79,100,6.31,BR,1670215929
385,sinjar,36.3209,41.8754,51.58,65,0,1.32,IQ,1670215929
386,tuatapere,-46.1333,167.6833,55.35,77,99,2.1,NZ,1670215929
387,bathsheba,13.2167,-59.5167,74.05,96,20,3.44,BB,1670215930
388,lima,-12.0432,-77.0282,65.89,81,100,4.61,PE,1670215653
389,khovu-aksy,51.1333,93.6,-2.6,77,11,1.52,RU,1670215931
390,maroantsetra,-15.4333,49.7333,77.94,76,49,3.44,MG,1670215931
391,baykit,61.67,96.37,6.48,91,100,7.87,RU,1670215931
392,santa isabel do rio negro,-0.4139,-65.0192,71.96,99,84,1.41,BR,1670215841
393,comodoro rivadavia,-45.8667,-67.5,66.06,37,0,23.02,AR,1670215932
394,khani,41.9563,42.9566,36.97,87,100,5.32,GE,1670215932
395,bahia blanca,-38.7196,-62.2724,64.29,53,1,4.0,AR,1670215785
396,tiznit,29.5833,-9.5,58.75,49,22,8.81,MA,1670215933
397,waingapu,-9.6567,120.2641,87.46,57,72,7.67,ID,1670215767
398,tostedt,53.2833,9.7167,40.51,92,100,9.01,DE,1670215934
399,lorengau,-2.0226,147.2712,82.06,76,100,1.66,PG,1670215934
400,sobolevo,54.4299,31.8996,14.4,86,100,10.16,RU,1670215935
401,almaznyy,48.0448,40.045,15.01,64,4,14.03,RU,1670215935
402,kindersley,51.4668,-109.1682,15.82,79,100,18.41,CA,1670215886
403,port augusta,-32.5,137.7667,77.14,36,76,20.4,AU,1670215716
404,seymour,38.9592,-85.8903,31.06,72,17,4.97,US,1670215936
405,wels,48.1667,14.0333,38.32,97,100,3.44,AT,1670215936
406,isangel,-19.55,169.2667,84.31,74,92,3.44,VU,1670215937
407,kastamonu,41.5,33.6667,43.38,69,100,1.23,TR,1670215937
408,haines junction,60.7522,-137.5108,-4.05,77,73,1.14,CA,1670215938
409,karratha,-20.7377,116.8463,98.33,28,5,18.68,AU,1670215938
410,husavik,66.0449,-17.3389,34.25,72,100,7.52,IS,1670215939
411,kailua,21.4022,-157.7394,76.48,83,57,3.0,US,1670215783
412,codrington,-38.2667,141.9667,56.55,68,100,16.44,AU,1670215939
413,maniitsoq,65.4167,-52.9,31.53,68,79,21.92,GL,1670215940
414,sechenovo,55.2244,45.8906,-4.4,96,63,2.77,RU,1670215940
415,cam ranh,11.9214,109.1591,82.36,78,40,18.41,VN,1670215941
416,kawalu,-7.3817,108.2082,84.49,67,72,3.76,ID,1670215941
417,korla,41.7597,86.1469,27.16,29,100,1.28,CN,1670215942
418,fureidis,32.5986,34.9558,60.21,65,5,4.03,IL,1670215942
419,sapucaia,-29.8333,-51.15,74.03,93,40,4.61,BR,1670215910
420,tyulgan,52.3405,56.166,4.57,95,92,6.42,RU,1670215943
421,leh,34.1667,77.5833,20.95,38,4,2.64,IN,1670215943
422,kotido,2.9806,34.1331,72.43,53,82,12.88,UG,1670215944
423,la serena,-29.9078,-71.2542,58.51,100,100,2.3,CL,1670215944
424,morondava,-20.2833,44.2833,82.36,58,1,1.88,MG,1670215944
425,dunedin,-45.8742,170.5036,55.8,74,99,1.01,NZ,1670215849
426,whitehorse,60.7161,-135.0538,14.09,84,0,3.44,CA,1670215942
427,kisangani,0.5167,25.2,68.86,99,91,2.04,CD,1670215945
428,dwarka,22.2394,68.9678,77.77,35,0,13.33,IN,1670215945
429,yara,20.2753,-76.9533,70.57,74,27,7.78,CU,1670215946
430,champerico,14.3,-91.9167,78.28,81,9,3.2,GT,1670215946
431,gladstone,-23.85,151.25,85.78,57,19,12.66,AU,1670215947
432,impfondo,1.6381,18.0667,70.2,96,99,2.44,CG,1670215947
433,aloleng,16.1307,119.7824,87.33,60,100,3.76,PH,1670215948
434,fandriana,-20.2333,47.3833,65.86,78,100,3.42,MG,1670215948
435,cidreira,-30.1811,-50.2056,71.15,96,45,6.24,BR,1670215948
436,ulety,51.3572,112.4849,9.77,70,87,17.52,RU,1670215949
437,labuan,5.2767,115.2417,88.16,74,40,2.3,MY,1670215949
438,taoudenni,22.6783,-3.9836,76.03,19,52,11.63,ML,1670215950
439,tavda,58.0425,65.2726,-2.2,100,96,3.15,RU,1670215950
440,saint-joseph,-21.3667,55.6167,79.18,70,36,8.39,RE,1670215950
441,aquiraz,-3.9014,-38.3911,80.19,79,30,14.2,BR,1670215951
442,yulara,-25.2406,130.9889,102.29,9,33,7.85,AU,1670215722
443,bouar,5.934,15.596,65.07,28,21,5.84,CF,1670215951
444,san andres,12.5847,-81.7006,80.62,83,20,13.8,CO,1670215952
445,yairipok,24.6667,94.0667,73.26,54,5,1.61,IN,1670215952
446,sucre,-19.0333,-65.2627,55.08,54,86,3.49,BO,1670215953
447,xiashi,30.5363,120.6864,51.01,87,100,10.67,CN,1670215953
448,laguna,38.421,-121.4238,50.29,95,40,0.0,US,1670215771
449,adeje,28.1227,-16.726,68.56,79,75,13.8,ES,1670215954
450,santa maria,-29.6842,-53.8069,67.77,98,11,6.93,BR,1670215860
451,orsha,54.5153,30.4053,16.07,85,100,11.23,BY,1670215954
452,bambanglipuro,-7.95,110.2833,84.2,72,80,7.45,ID,1670215955
453,biankouma,7.7391,-7.6138,67.84,97,68,1.59,CI,1670215955
454,zhanakorgan,43.9098,67.2495,12.83,82,7,2.93,KZ,1670215956
455,itoman,26.1247,127.6694,80.98,80,75,4.61,JP,1670215956
456,winnemucca,40.973,-117.7357,32.05,86,0,3.44,US,1670215957
457,ayagoz,47.9714,80.4392,6.44,98,100,4.52,KZ,1670215957
458,toamasina,-18.1667,49.3833,78.8,78,75,8.05,MG,1670215957
459,bacolod,10.6667,122.95,80.73,76,100,6.69,PH,1670215958
460,hay river,60.8156,-115.7999,1.38,60,75,11.5,CA,1670215958
461,narasannapeta,18.4167,84.05,80.15,59,4,6.96,IN,1670215959
462,rawson,-43.3002,-65.1023,62.89,51,0,9.22,AR,1670215735
463,the pas,53.8251,-101.2541,-9.38,77,20,12.66,CA,1670215959
464,holden,42.3518,-71.8634,28.33,83,5,3.91,US,1670215679
465,hirado,33.3597,129.5531,53.38,60,100,17.36,JP,1670215960
466,maridi,4.9158,29.4742,73.18,66,85,3.09,SS,1670215960
467,fairfield,41.2668,-73.3162,34.09,75,0,0.0,US,1670215961
468,qandala,11.472,49.8728,77.49,63,11,8.12,SO,1670215961
469,yokote,39.3,140.5667,33.96,74,100,10.65,JP,1670215961
470,bulawayo,-20.15,28.5833,75.24,42,5,8.37,ZW,1670215962
471,grand forks,47.9417,-97.4337,24.53,78,0,17.27,US,1670215893
472,maragogi,-9.0122,-35.2225,75.09,89,23,9.64,BR,1670215962
473,necochea,-38.5473,-58.7368,57.02,88,0,5.75,AR,1670215963
474,kholm,59.2667,32.85,22.41,94,100,9.4,RU,1670215963
475,goure,13.9835,10.2704,67.41,19,16,9.4,NE,1670215964
476,chapais,49.7834,-74.8492,10.18,97,100,5.03,CA,1670215964
477,yefremov,53.1481,38.0992,14.29,77,27,7.23,RU,1670215965
478,groningen,53.25,6.75,42.04,92,75,11.5,NL,1670215965
479,khiv,41.7543,47.9306,21.51,89,74,2.51,RU,1670215966
480,kalyazin,57.2403,37.8433,12.16,85,99,9.26,RU,1670215966
481,andijon,40.7821,72.3442,36.68,99,100,3.74,UZ,1670215966
482,antofagasta,-23.65,-70.4,61.88,75,16,2.55,CL,1670215828
483,vangaindrano,-23.35,47.6,74.43,86,100,1.79,MG,1670215967
484,mount isa,-20.7333,139.5,98.37,13,1,14.97,AU,1670215768
485,son la,21.3167,103.9,64.17,79,100,3.58,VN,1670215968
486,mangan,27.5167,88.5333,72.57,43,2,6.15,IN,1670215968
487,amapa,1.0,-52.0,70.57,98,100,0.74,BR,1670215968
488,acapulco,16.8634,-99.8901,76.62,68,2,3.8,MX,1670215792
489,narsaq,60.9167,-46.05,27.1,69,100,9.98,GL,1670215969
490,mnogovershinnyy,53.9353,139.9242,-7.83,80,87,8.14,RU,1670215969
491,emerald,-23.5333,148.1667,90.34,29,0,7.85,AU,1670215970
492,marki,52.3206,21.1047,33.89,89,100,12.66,PL,1670215970
493,luderitz,-26.6481,15.1594,59.95,70,0,17.11,NA,1670215970
494,two rivers,44.1539,-87.5693,31.98,69,0,5.99,US,1670215971
495,mehamn,71.0357,27.8492,21.15,79,0,21.85,NO,1670215971
496,dingzhou,38.5131,114.9956,39.31,21,0,1.03,CN,1670215972
497,bocanda,7.0626,-4.4995,72.66,96,52,3.94,CI,1670215972
498,bilma,18.6853,12.9164,68.4,21,0,6.78,NE,1670215973
499,aksarka,66.5606,67.7975,3.96,95,44,2.33,RU,1670215973
500,segou,13.4317,-6.2157,80.19,42,100,6.33,ML,1670215973
501,hofn,64.2539,-15.2082,39.74,61,23,9.33,IS,1670215974
502,sembe,1.6481,14.5806,70.21,94,96,1.88,CG,1670215974
503,panaba,21.2833,-88.2667,69.17,83,0,6.78,MX,1670215975
504,villarrica,-25.75,-56.4333,70.27,79,0,2.13,PY,1670215975
505,alta floresta,-9.8756,-56.0861,69.71,99,100,2.84,BR,1670215975
506,payo,-3.7508,103.6372,89.28,56,100,2.68,ID,1670215976
507,san jose,37.3394,-121.895,53.85,85,75,4.61,US,1670215815
508,floro,61.5996,5.0328,37.96,64,100,6.91,NO,1670215976
509,vega de alatorre,20.0333,-96.6333,72.48,83,2,2.68,MX,1670215977
510,pillaro,-1.1667,-78.5333,49.06,88,68,2.48,EC,1670215977
511,rafraf,37.1904,10.1837,46.71,48,94,7.54,TN,1670215978
512,rincon,32.296,-81.2354,59.86,92,75,0.0,US,1670215773
513,mantua,45.1667,10.7833,48.06,91,100,5.01,IT,1670215978
514,loandjili,-4.7561,11.8578,75.31,100,20,2.3,CG,1670215979
515,matagami,49.7502,-77.6328,15.91,86,100,8.05,CA,1670215979
516,claveria,18.6074,121.0832,82.18,77,26,13.15,PH,1670215979
517,mutare,-18.9707,32.6709,71.64,59,10,3.98,ZW,1670215980
518,manado,1.487,124.8455,84.97,74,40,4.61,ID,1670215980
519,piacabucu,-10.4056,-36.4344,74.61,89,99,9.08,BR,1670215981
520,deputatskiy,69.3,139.9,-16.69,97,100,4.12,RU,1670215981
521,utinga,-5.8172,-35.3954,77.4,83,20,8.05,BR,1670215981
522,arlit,18.7369,7.3853,72.45,20,7,4.43,NE,1670215982
523,byron bay,-28.65,153.6167,84.7,63,1,10.18,AU,1670215835
524,sungaipenuh,-2.0833,101.3833,76.24,68,97,3.29,ID,1670215982
525,pombas,17.1503,-25.0201,67.78,73,91,6.42,CV,1670215983
526,sorland,67.667,12.6934,42.66,78,100,23.8,NO,1670215983
527,saldanha,-33.0117,17.9442,55.45,75,0,12.86,ZA,1670215984
528,synya,65.3718,58.0387,-6.97,100,100,3.11,RU,1670215984
529,accra,5.556,-0.1969,78.87,86,14,4.97,GH,1670215751
530,marsa matruh,31.3525,27.2453,59.2,77,40,4.61,EG,1670215985
531,susangerd,31.5608,48.1831,64.08,51,35,3.76,IR,1670215985
532,varca,15.2167,73.9167,84.2,58,40,6.91,IN,1670215985
533,benguela,-12.5763,13.4055,75.9,84,100,0.67,AO,1670215986
534,revelstoke,50.9832,-118.2023,14.02,85,100,2.3,CA,1670215986
535,susaki,33.3667,133.2833,57.27,48,95,2.71,JP,1670215987
536,tigil,57.8,158.6667,10.31,87,100,11.14,RU,1670215987
537,honningsvag,70.9821,25.9704,26.35,80,21,24.16,NO,1670215987
538,aksu,41.1231,80.2644,28.18,23,100,1.95,CN,1670215814
539,neepawa,50.2289,-99.4664,19.8,76,29,17.07,CA,1670215988
540,afua,-0.1567,-50.3867,74.17,92,100,1.79,BR,1670215988
541,serpa,37.9458,-7.5975,55.36,95,100,14.16,PT,1670215989
542,leningradskiy,69.3833,178.4167,10.18,94,100,23.06,RU,1670215989
543,swan hill,-35.3378,143.5544,76.35,31,17,19.3,AU,1670215989
544,bunda,-2.05,33.8667,66.99,70,100,4.81,TZ,1670215990
545,katsuura,35.1333,140.3,50.02,82,100,18.63,JP,1670215990
546,phan thiet,10.9333,108.1,85.19,67,88,8.77,VN,1670215991
547,stonehaven,56.9637,-2.2118,39.72,98,100,12.26,GB,1670215991
548,dicabisagan,17.0818,122.4157,81.59,78,97,5.99,PH,1670215991
549,trincomalee,8.5711,81.2335,80.51,78,96,8.14,LK,1670215992
550,gondanglegi,-7.7479,112.0132,88.39,62,100,4.63,ID,1670215992
551,palu,-0.8917,119.8707,86.88,71,70,4.09,ID,1670215993
552,kochi,9.9399,76.2602,82.38,72,100,1.9,IN,1670215993
553,guhagar,17.4842,73.1929,89.01,50,83,1.1,IN,1670215993
554,araouane,18.9048,-3.5265,75.97,16,98,8.41,ML,1670215994
555,inhambane,-23.865,35.3833,80.58,88,75,9.22,MZ,1670215994
556,ust-tsilma,65.441,52.1498,-8.77,99,15,3.29,RU,1670215995
557,ozu,33.5,132.55,54.82,61,96,8.25,JP,1670215995
558,san jeronimo,-11.9472,-75.2829,46.67,86,100,1.05,PE,1670215996
559,tekeli,44.83,78.8239,21.87,78,100,1.59,KZ,1670215996
560,carmo do rio claro,-20.9719,-46.1189,65.88,97,100,2.26,BR,1670215997
561,wahiawa,21.5028,-158.0236,73.2,74,100,4.61,US,1670215997
562,lae,-6.7221,146.9847,88.47,72,89,8.88,PG,1670215997
563,tondano,1.3038,124.9112,77.09,74,99,0.89,ID,1670215998
564,porto belo,-27.1578,-48.5531,74.16,97,100,2.44,BR,1670215998
565,pachino,36.7186,15.0907,57.97,68,8,5.28,IT,1670215999
566,siderno,38.2779,16.302,56.61,81,1,4.63,IT,1670215999
567,bairiki,1.3292,172.9752,84.2,74,20,6.91,KI,1670215999
568,krasnoborsk,61.5598,45.934,8.11,89,12,4.25,RU,1670216000
569,alibag,18.6411,72.8792,84.27,64,26,6.85,IN,1670215780
570,rehoboth,-23.3167,17.0833,71.11,21,47,2.55,NA,1670215811
571,rajapur,25.3833,81.15,70.84,35,3,2.19,IN,1670216000
572,gobabis,-22.45,18.9667,72.14,22,16,12.86,NA,1670216001
